99 294 30
8 158
17 163
19 253
14 306
11 359
16 463
9 466
5 484
18 667
5 758
3 761
12 783
12 903
6 1026
16 1066
5 1193
3 1245
20 1327
6 1459
1 1579
1 1701
2 1746
20 1998
5 2059
2 2267
18 2320
3 2965
14 2971
11 2986
18 2998
12 3014
1 3151
8 3496
16 3517
14 3547
17 3932
11 4056
8 4094
17 4114
3 4301
2 4411
6 5235
20 5370
10 5695
15 6052
14 6060
15 6100
9 6150
9 6273
19 6279
6 6302
16 6320
9 6332
1 6397
1 6400
6 6461
10 6488
12 6521
14 6536
5 6620
13 6621
20 6708
9 6798
11 6933
10 7099
20 7156
19 7198
13 7223
5 7373
6 7423
5 7598
6 7664
7 7715
4 7770
8 7885
15 7899
6 8014
7 8023
12 8073
6 8108
13 8144
5 8171
13 8233
1 8332
8 8348
11 8425
20 8455
12 8653
10 8688
15 8756
7 8775
17 8935
6 9174
11 9202
2 9373
16 9504
11 9518
9 9685
7 9710
