100 1000 100
10 10000
16 10000
3 10000
4 10000
3 10000
3 10000
3 10000
12 10000
7 10000
19 10000
19 10000
13 10000
9 10000
7 10000
15 10000
16 10000
8 10000
14 10000
19 10000
9 10000
1 10000
3 10000
13 10000
13 10000
14 10000
2 10000
3 10000
8 10000
20 10000
3 10000
7 10000
1 10000
18 10000
9 10000
4 10000
12 10000
3 10000
18 10000
15 10000
1 10000
8 10000
14 10000
5 10000
16 10000
12 10000
20 10000
11 10000
11 10000
5 10000
2 10000
11 10000
5 10000
16 10000
4 10000
17 10000
9 10000
17 10000
12 10000
17 10000
8 10000
14 10000
15 10000
9 10000
3 10000
15 10000
4 10000
14 10000
17 10000
2 10000
1 10000
9 10000
9 10000
6 10000
14 10000
17 10000
17 10000
13 10000
19 10000
19 10000
9 10000
20 10000
10 10000
13 10000
16 10000
5 10000
2 10000
16 10000
1 10000
5 10000
4 10000
9 10000
18 10000
18 10000
9 10000
12 10000
12 10000
4 10000
17 10000
20 10000
5 10000




0- 10 10000 - 11000
1- 16 10000 - 11000
2- 3 10000 - 11000
3- 4 10000 - 11000
4- 3 10000 - 11000
5- 3 10000 - 11000
6- 3 10000 - 11000
7- 12 10000 - 11000
8- 7 10000 - 11000
9- 19 10000 - 11000
10- 19 10000 - 11000
11- 13 10000 - 11000
12- 9 10000 - 11000
13- 7 10000 - 11000
14- 15 10000 - 11000
15- 16 10000 - 11000
16- 8 10000 - 11000
17- 14 10000 - 11000
18- 19 10000 - 11000
19- 9 10000 - 11000
20- 1 10000 - 11000
21- 3 10000 - 11000
22- 13 10000 - 11000
23- 13 10000 - 11000
24- 14 10000 - 11000
25- 2 10000 - 11000
26- 3 10000 - 11000
27- 8 10000 - 11000
28- 20 10000 - 11000
29- 3 10000 - 11000
30- 7 10000 - 11000
31- 1 10000 - 11000
32- 18 10000 - 11000
33- 9 10000 - 11000
34- 4 10000 - 11000
35- 12 10000 - 11000
36- 3 10000 - 11000
37- 18 10000 - 11000
38- 15 10000 - 11000
39- 1 10000 - 11000
40- 8 10000 - 11000
41- 14 10000 - 11000
42- 5 10000 - 11000
43- 16 10000 - 11000
44- 12 10000 - 11000
45- 20 10000 - 11000
46- 11 10000 - 11000
47- 11 10000 - 11000
48- 5 10000 - 11000
49- 2 10000 - 11000
50- 11 10000 - 11000
51- 5 10000 - 11000
52- 16 10000 - 11000
53- 4 10000 - 11000
54- 17 10000 - 11000
55- 9 10000 - 11000
56- 17 10000 - 11000
57- 12 10000 - 11000
58- 17 10000 - 11000
59- 8 10000 - 11000
60- 14 10000 - 11000
61- 15 10000 - 11000
62- 9 10000 - 11000
63- 3 10000 - 11000
64- 15 10000 - 11000
65- 4 10000 - 11000
66- 14 10000 - 11000
67- 17 10000 - 11000
68- 2 10000 - 11000
69- 1 10000 - 11000
70- 9 10000 - 11000
71- 9 10000 - 11000
72- 6 10000 - 11000
73- 14 10000 - 11000
74- 17 10000 - 11000
75- 17 10000 - 11000
76- 13 10000 - 11000
77- 19 10000 - 11000
78- 19 10000 - 11000
79- 9 10000 - 11000
80- 20 10000 - 11000
81- 10 10000 - 11000
82- 13 10000 - 11000
83- 16 10000 - 11000
84- 5 10000 - 11000
85- 2 10000 - 11000
86- 16 10000 - 11000
87- 1 10000 - 11000
88- 5 10000 - 11000
89- 4 10000 - 11000
90- 9 10000 - 11000
91- 18 10000 - 11000
92- 18 10000 - 11000
93- 9 10000 - 11000
94- 12 10000 - 11000
95- 12 10000 - 11000
96- 4 10000 - 11000
97- 17 10000 - 11000
98- 20 10000 - 11000
99- 5 10000 - 11000
