100 1000 100
20 10000
20 10000
20 10000
20 10000
20 10000
20 10000
20 10000
20 10000
20 10000
20 10000
20 10000
20 10000
20 10000
20 10000
20 10000
20 10000
20 10000
20 10000
20 10000
20 10000
20 10000
20 10000
20 10000
20 10000
20 10000
20 10000
20 10000
20 10000
20 10000
20 10000
20 10000
20 10000
20 10000
20 10000
20 10000
20 10000
20 10000
20 10000
20 10000
20 10000
20 10000
20 10000
20 10000
20 10000
20 10000
20 10000
20 10000
20 10000
20 10000
20 10000
20 10000
20 10000
20 10000
20 10000
20 10000
20 10000
20 10000
20 10000
20 10000
20 10000
20 10000
20 10000
20 10000
20 10000
20 10000
20 10000
20 10000
20 10000
20 10000
20 10000
20 10000
20 10000
20 10000
20 10000
20 10000
20 10000
20 10000
20 10000
20 10000
20 10000
20 10000
20 10000
20 10000
20 10000
20 10000
20 10000
20 10000
20 10000
20 10000
20 10000
20 10000
20 10000
20 10000
20 10000
20 10000
20 10000
20 10000
20 10000
20 10000
20 10000




0- 20 10000 - 11000
1- 20 10000 - 11000
2- 20 10000 - 11000
3- 20 10000 - 11000
4- 20 10000 - 11000
5- 20 10000 - 11000
6- 20 10000 - 11000
7- 20 10000 - 11000
8- 20 10000 - 11000
9- 20 10000 - 11000
10- 20 10000 - 11000
11- 20 10000 - 11000
12- 20 10000 - 11000
13- 20 10000 - 11000
14- 20 10000 - 11000
15- 20 10000 - 11000
16- 20 10000 - 11000
17- 20 10000 - 11000
18- 20 10000 - 11000
19- 20 10000 - 11000
20- 20 10000 - 11000
21- 20 10000 - 11000
22- 20 10000 - 11000
23- 20 10000 - 11000
24- 20 10000 - 11000
25- 20 10000 - 11000
26- 20 10000 - 11000
27- 20 10000 - 11000
28- 20 10000 - 11000
29- 20 10000 - 11000
30- 20 10000 - 11000
31- 20 10000 - 11000
32- 20 10000 - 11000
33- 20 10000 - 11000
34- 20 10000 - 11000
35- 20 10000 - 11000
36- 20 10000 - 11000
37- 20 10000 - 11000
38- 20 10000 - 11000
39- 20 10000 - 11000
40- 20 10000 - 11000
41- 20 10000 - 11000
42- 20 10000 - 11000
43- 20 10000 - 11000
44- 20 10000 - 11000
45- 20 10000 - 11000
46- 20 10000 - 11000
47- 20 10000 - 11000
48- 20 10000 - 11000
49- 20 10000 - 11000
50- 20 10000 - 11000
51- 20 10000 - 11000
52- 20 10000 - 11000
53- 20 10000 - 11000
54- 20 10000 - 11000
55- 20 10000 - 11000
56- 20 10000 - 11000
57- 20 10000 - 11000
58- 20 10000 - 11000
59- 20 10000 - 11000
60- 20 10000 - 11000
61- 20 10000 - 11000
62- 20 10000 - 11000
63- 20 10000 - 11000
64- 20 10000 - 11000
65- 20 10000 - 11000
66- 20 10000 - 11000
67- 20 10000 - 11000
68- 20 10000 - 11000
69- 20 10000 - 11000
70- 20 10000 - 11000
71- 20 10000 - 11000
72- 20 10000 - 11000
73- 20 10000 - 11000
74- 20 10000 - 11000
75- 20 10000 - 11000
76- 20 10000 - 11000
77- 20 10000 - 11000
78- 20 10000 - 11000
79- 20 10000 - 11000
80- 20 10000 - 11000
81- 20 10000 - 11000
82- 20 10000 - 11000
83- 20 10000 - 11000
84- 20 10000 - 11000
85- 20 10000 - 11000
86- 20 10000 - 11000
87- 20 10000 - 11000
88- 20 10000 - 11000
89- 20 10000 - 11000
90- 20 10000 - 11000
91- 20 10000 - 11000
92- 20 10000 - 11000
93- 20 10000 - 11000
94- 20 10000 - 11000
95- 20 10000 - 11000
96- 20 10000 - 11000
97- 20 10000 - 11000
98- 20 10000 - 11000
99- 20 10000 - 11000
