35

0 0 0 0
0 0 0 0
0 0 0 0
0 0 0 0

2 4 8 16
32 64 128 256
512 1024 2048 2
4 8 0 32

2 4 8 16
32 64 128 256
512 1024 2048 4
0 16 32 64

2 4 8 16
32 64 128 256
512 1024 2048 4
0 0 0 0

2 4 8 16
32 64 128 256
512 1024 2048 4
8 16 32 0


2 4 8 16
32 64 128 256
512 1024 2048 256
8 16 32 64

2 4 8 16
32 4 128 256
512 1024 2048 4
8 16 32 0

2 4 4 16
32 64 128 256
512 1024 2048 4
8 16 32 64

2 4 8 16
32 64 128 16
512 1024 2048 4
8 16 32 64

2 4 8 16
2 64 128 256
512 1024 2048 4
8 16 32 64

2 4 8 16
32 64 128 256
512 1024 2048 4
8 16 32 64

2 4 8 16
32 64 128 16
512 1024 2048 16
8 16 32 64

2 4 8 16
32 32 128 256
512 32 1048 4
8 16 32 64

0 0 0 0
32 64 128 256
512 1024 2048 4
8 16 32 64

2 4 8 16
0 0 0 0
512 1024 2048 4
8 16 32 64

0 0 0 0
0 0 0 0
0 0 0 0
2 0 0 0

0 0 0 0
0 0 0 0
0 0 0 0
0 2 0 0

0 0 0 0
0 0 0 0
0 0 0 0
0 0 0 2

0 0 0 0
0 0 0 0
0 0 0 0
0 0 2 0

2 0 0 0
0 0 0 0
0 0 0 0
0 0 0 0

0 2 0 0
0 0 0 0
0 0 0 0
0 0 0 0

0 0 2 0
0 0 0 0
0 0 0 0
0 0 0 0

0 0 0 2
0 0 0 0
0 0 0 0
0 0 0 0

0 0 0 0
2 2 2 2
0 0 0 0
0 0 0 0

2 4 8 16
32 64 128 256
2 2 2 2
8 16 32 64

2 4 8 16
32 2 2 256
512 2 2 4
8 16 32 64

2 4 8 16
32 64 128 256
512 1024 2048 0
8 16 32 64

0 8 16 0
0 2 4 0
0 4 2 0
0 16 8 0

2 2 2 2
2 2 2 2
2 2 2 2
2 2 2 2

2048 1024 512 256
128 64 32 16
8 4 2 0
0 0 0 0

2048 2048 512 256
128 64 64 16
8 8 2 2
0 0 0 0

2 4 8 16
32 64 64 256
512 1024 64 2
4 8 16 32

2 4 8 16
32 64 128 256
512 64 2048 2
4 8 16 32

0 4 8 16
0 64 128 256
0 1024 2048 4
0 16 32 64

2 4 8 0
32 64 128 0
512 1024 2048 0
8 16 32 0
